OPDSCR = Simulated data based on PPE_TLS_Fa_OP_test_true.txt (created 23-Oct-2018 21:21:08)
OPSYSN = RCF-ETH
OPHAND = right
OPSTRT
% id      X /m         Y /m         Z /m        std /m, or vcm / m^2 
%----- ------------ ------------ ------------ ---------------------------------------------------------
    1       -0.1162       1.5778      -1.2222
    2        2.8031      -0.4290       0.7150
    3        2.7538       3.5350      -0.9488
    4        0.5402      -2.7302       1.1056
    5        0.4622      -2.6352      -1.2105
    6       -0.1106      -2.2153       1.1103
    7        0.9273       1.5358      -1.2345
    8       -0.5080      -2.6131      -1.1965
    9        2.7484       3.5194       0.1937
   10        2.4943      -2.5171      -1.2165
   11       -0.8782       0.5463       0.7183
   12        2.0493      -1.3549       1.0897
   13        1.5626      -2.5771      -1.2161
   14       -0.3295      -3.0711       0.2342
   15       -0.8546      -2.0813      -0.9301
   16        2.4608      -1.1480      -1.2358
   17        2.8333      -2.1960       0.7294
   18        1.7318       0.0948       1.0897
   19        2.8051      -0.4516       0.2566
   20        2.8093      -0.4520      -1.0023
   21        1.2456      -0.3643      -1.2386
   22        2.8348      -2.2158      -0.0160
   23        2.8375      -2.2052      -0.9541
   24        2.4412      -3.0242       0.2171
   25        2.0962       0.2646      -1.2428
   26        0.9830      -3.0686      -0.8566
   27        0.9192      -3.0393       0.7338
   28        0.9171      -3.0533       0.0979
   29        0.4166      -1.4598      -1.2253
   30       -0.1197      -1.4965       1.1038
   31       -0.4029      -1.3306      -1.2155
   32       -0.8271      -2.0551       0.7322
   33       -0.8398      -2.0955      -0.0028
   34       -0.8818      -0.6254      -0.8664
   35       -0.9061       0.5169      -0.8624
   36       -0.8582      -0.5624       0.3822
   37       -0.8532      -0.0994       0.9661
   38        2.7476       3.5181       0.8760
   39        1.9329      -2.1938       1.0936
   40        2.6589      -1.8153       0.7681
   41       -0.0157      -0.6325       0.7617
   42       -0.0145      -1.9242      -1.1310
   43       -0.6446      -0.1195      -0.9016
   44        1.3845      -0.0098       1.0067
   45       -0.5621      -2.4488       0.7934
   46        2.0226      -2.8370      -0.0509
OP_END
VCSTRT
VC_END
