OPDSCR = Simulated data based on PPE_TLS_Fa_OP_test_true.txt (created 23-Oct-2018 21:21:08)
OPSYSN = RCF-ETH
OPHAND = right
OPSTRT
% id      X /m         Y /m         Z /m        std /m, or vcm / m^2 
%----- ------------ ------------ ------------ ---------------------------------------------------------
    1        0.0000       0.0000      -0.0010
    2        4.3850       1.6520       3.3300
    3        4.2720       5.3820       0.5070
    4        4.2590       5.2390       1.8890
    5        4.2630       5.1910       3.2170
    6        4.1530       8.9260       0.5410
    7        4.1330       8.8440       1.9220
    8        4.1350       8.7570       3.2370
    9        4.0700      11.2160       0.6300
   10        4.0590      11.1790       2.0120
   11        4.0550      11.2540       3.2430
   12       -0.0190      -0.0050       1.4490
   13        3.9650      14.3620       0.5540
   14        3.9520      14.2990       2.0630
   15        3.9460      14.2960       3.2970
   16        3.8160      19.0300       1.0410
   17        3.8070      18.9720       2.5180
   18        3.7870      18.9930       3.3460
   19        3.0090      24.5080       0.7380
   20        3.0030      24.5170       2.0640
   21        2.9920      24.5150       3.2910
   22       -0.0190      24.4030       0.9490
   23       -0.0730      -0.0090       2.7500
   24        0.0010      24.4120       2.3340
   25        0.0040      24.4150       3.1740
   26       -2.9690      24.2870      -0.0630
   27       -2.9240      24.3050       1.3610
   28       -2.8760      24.3080       2.4530
   29       -2.8550      24.3000       3.3370
   30       -5.2820      24.2130       0.2030
   31       -5.4070      24.2130       1.4120
   32       -5.3840      24.2250       2.6890
   33       -5.3900      24.2280       3.3680
   34       -0.0380      -0.0070       0.9230
   35       -8.2370      24.1280       3.4000
   36       -7.7890      19.0980       2.3570
   37      -10.0660      19.0650       3.0410
   38       -5.8900      17.3020       0.8890
   39       -8.3100      13.0650       1.4770
   40       -8.2240      10.6670       1.4470
   41       -8.2270      10.6570       0.7440
   42      -10.3880      13.1630       3.1750
   43      -10.3190      10.9990       3.2120
   44      -10.1520       6.3430       2.0550
   45        2.2880       0.0740       2.5100
   46      -10.2390       8.7480       2.4670
   47      -10.2360       8.6940       3.2910
   48      -10.1550       6.2700       3.2470
   49      -10.0390       3.0480       3.0110
   50       -8.7780      -0.2920       3.1160
   51       -5.5910      -0.1870       0.2090
   52       -5.6160      -0.1880       1.2770
   53       -5.6220      -0.1930       2.4720
   54       -5.6040      -0.1840       3.3730
   55       -2.6610      -0.1000       3.3420
   56        2.3220       0.0740       1.7000
   57        4.4000       1.6460       0.0690
   58        4.3860       1.6470       1.4060
   59        4.3920       1.6400       2.6640
   60        2.3250       3.7120       4.1700
   61        1.8310      18.7280       4.1710
   62        1.7890      20.1230       4.1710
   63        1.7450      21.4450       4.1630
   65       -8.1870       6.3500       4.1620
   66       -8.2370       7.8890       4.1520
   67       -8.1120       4.2080       4.1610
   68       -8.0280       1.8780       4.1580
   69       -8.4470      13.9690       4.1530
   71        2.2800       5.2060       4.1680
   72       -8.6410      20.3840       4.1590
   73        2.2260       6.8810       4.1690
   74        2.1750       8.4430       4.1620
   75        2.1130      10.0920       4.1620
   76        2.0600      11.5070       4.1670
   77        2.0110      13.0350       4.1680
   78        1.9360      15.6480       4.1660
   79        1.8860      17.1500       4.1620
OP_END
VCSTRT
VC_END
