OPDSCR = Simulated data based on PPE_TLS_Fa_OP_test_true.txt (created 23-Oct-2018 21:21:08)
OPSYSN = RCF-ETH
OPHAND = right
OPSTRT
% id      X /m         Y /m         Z /m        std /m, or vcm / m^2 
%----- ------------ ------------ ------------ ---------------------------------------------------------
    1       -1.4753      -0.3334       0.7532
    2        1.4676      -0.3444       1.0992
    3       -0.1695       2.5718      -0.8648
    4        1.1422       2.8090       0.2042
    5        1.8112       1.9007       0.7008
    6        1.1570       2.3125      -1.2295
    7       -0.9328       0.1209      -1.2147
    8        2.1000       0.4372       0.3640
    9       -1.8294       1.4145       0.0110
   10       -0.7385      -4.2172       0.2537
   11       -1.4875      -0.3163       0.2944
   12       -1.5101      -0.3279      -0.9643
   13       -1.8139       1.4012       0.7561
   14       -1.8447       1.3965      -0.9266
   15       -0.9217       1.5587       1.1055
   16       -1.5795       2.2803       0.2335
   17       -0.0758       2.5654       0.7243
   18       -0.0864       2.5750       0.0888
   19        1.8090       1.9394      -0.0356
   20        1.2628       0.3570       0.7546
   21        1.9966      -0.0923      -0.0708
   22       -0.8932      -2.0910      -0.0253
   23       -1.5534       0.9582       0.7952
   24       -0.7475       0.7752      -1.1411
   25       -1.1406       2.1655      -0.0403
   26        0.6184      -1.2781      -0.8979
OP_END
VCSTRT
VC_END
