OPDSCR = Simulated data based on PPE_TLS_Fb_OP_test_true.txt (created 23-Oct-2018 21:35:37)
OPSYSN = RCF-ETH
OPHAND = right
OPSTRT
% id      X /m   Y /m   Z /m        std /m, or vcm / m^2 
%----- ------------ ------------ ------------ ---------------------------------------------------------
    1        0.000        0.000       -0.001    0.001    0.001    0.001
    2       -0.019       -0.005        1.449    0.001    0.001    0.001
    3       -0.073       -0.009        2.750    0.001    0.001    0.001
    4       -0.038       -0.007        0.923    0.001    0.001    0.001
    5        2.288        0.074        2.510    0.001    0.001    0.001
    6        2.322        0.074        1.700    0.001    0.001    0.001
    7        4.400        1.646        0.069    0.001    0.001    0.001
    8        4.386        1.647        1.406    0.001    0.001    0.001
    9        4.392        1.640        2.664    0.001    0.001    0.001
   10        4.385        1.652        3.330    0.001    0.001    0.001
   11        4.272        5.382        0.507    0.001    0.001    0.001
   12        4.259        5.239        1.889    0.001    0.001    0.001
   13        4.263        5.191        3.217    0.001    0.001    0.001
   14        4.153        8.926        0.541    0.001    0.001    0.001
   15        4.133        8.844        1.922    0.001    0.001    0.001
   16        4.135        8.757        3.237    0.001    0.001    0.001
   17        4.070       11.216        0.630    0.001    0.001    0.001
   18        4.059       11.179        2.012    0.001    0.001    0.001
   19        4.055       11.254        3.243    0.001    0.001    0.001
   20        3.965       14.362        0.554    0.001    0.001    0.001
   21        3.952       14.299        2.063    0.001    0.001    0.001
   22        3.946       14.296        3.297    0.001    0.001    0.001
   23        3.816       19.030        1.041    0.001    0.001    0.001
   24        3.807       18.972        2.518    0.001    0.001    0.001
   25        3.787       18.993        3.346    0.001    0.001    0.001
   26        3.009       24.508        0.738    0.001    0.001    0.001
   27        3.003       24.517        2.064    0.001    0.001    0.001
   28        2.992       24.515        3.291    0.001    0.001    0.001
   29       -0.019       24.403        0.949    0.001    0.001    0.001
   30        0.001       24.412        2.334    0.001    0.001    0.001
   31        0.004       24.415        3.174    0.001    0.001    0.001
   32       -2.969       24.287       -0.063    0.001    0.001    0.001
   33       -2.924       24.305        1.361    0.001    0.001    0.001
   34       -2.876       24.308        2.453    0.001    0.001    0.001
   35       -2.855       24.300        3.337    0.001    0.001    0.001
   36       -5.282       24.213        0.203    0.001    0.001    0.001
   37       -5.407       24.213        1.412    0.001    0.001    0.001
   38       -5.384       24.225        2.689    0.001    0.001    0.001
   39       -5.390       24.228        3.368    0.001    0.001    0.001
   40       -8.237       24.128        3.400    0.001    0.001    0.001
   41       -7.789       19.098        2.357    0.001    0.001    0.001
   42      -10.066       19.065        3.041    0.001    0.001    0.001
   43       -5.890       17.302        0.889    0.001    0.001    0.001
   44       -8.310       13.065        1.477    0.001    0.001    0.001
   45       -8.224       10.667        1.447    0.001    0.001    0.001
   46       -8.227       10.657        0.744    0.001    0.001    0.001
   47      -10.388       13.163        3.175    0.001    0.001    0.001
   48      -10.319       10.999        3.212    0.001    0.001    0.001
   49      -10.152        6.343        2.055    0.001    0.001    0.001
   52      -10.155        6.270        3.247    0.001    0.001    0.001
   53      -10.039        3.048        3.011    0.001    0.001    0.001
   54       -8.778       -0.292        3.116    0.001    0.001    0.001
   55       -5.591       -0.187        0.209    0.001    0.001    0.001
   56       -5.616       -0.188        1.277    0.001    0.001    0.001
   57       -5.622       -0.193        2.472    0.001    0.001    0.001
   58       -5.604       -0.184        3.373    0.001    0.001    0.001
   59       -2.661       -0.100        3.342    0.001    0.001    0.001
  103        2.226        6.881        4.169    0.001    0.001    0.001
  104        2.175        8.443        4.162    0.001    0.001    0.001
  105        2.113       10.092        4.162    0.001    0.001    0.001
  106        2.060       11.507        4.167    0.001    0.001    0.001
  107        2.011       13.035        4.168    0.001    0.001    0.001
  108        1.936       15.648        4.166    0.001    0.001    0.001
  109        1.886       17.150        4.162    0.001    0.001    0.001
  114       -8.187        6.350        4.162    0.001    0.001    0.001
  115       -8.237        7.889        4.152    0.001    0.001    0.001
  116       -8.112        4.208        4.161    0.001    0.001    0.001
  117       -8.028        1.878        4.158    0.001    0.001    0.001
  118       -8.447       13.969        4.153    0.001    0.001    0.001
  119       -8.527       16.667        4.156    0.001    0.001    0.001
  120       -8.641       20.384        4.159    0.001    0.001    0.001
OP_END
VCSTRT
VC_END
